0 207
1 210
2 211
3 212
4 212
5 213
6 215
8 221
9 224
12 226
13 234
14 236
15 242
16 243
17 244
18 245
19 245
20 246
21 248
22 248
23 248
24 248
26 248
27 257
29 265
30 265
31 265
32 265
33 265
34 266
35 268
36 268
37 269
38 269
39 269
40 269
41 269
42 269
43 269
44 270
45 272
46 273
47 273
48 274
49 275
50 275
51 275
52 274
53 274
54 274
55 275
56 277
57 277
58 279
59 280
60 281
61 282
62 282
63 283
64 285
65 287
66 290
67 292
68 294
69 294
70 294
71 295
72 296
73 297
74 297
75 297
76 298
77 300
78 302
79 302
80 305
81 305
82 305
83 306
84 306
85 306
86 306
87 306
88 308
89 310
90 310
91 310
92 311
93 313
94 314
95 314
96 315
97 316
98 316
99 316
100 317
101 318
102 318
103 318
104 319
105 319
106 319
107 319
108 319
109 319
110 319
111 319
112 319
113 319
114 319
115 319
116 319
117 319
118 319
119 319
120 319
121 319
122 319
123 319
124 319
125 318
126 317
127 318
128 319
129 319
130 319
131 319
132 319
133 318
134 318
135 318
136 317
137 317
138 317
139 317
140 317
141 318
142 318
143 318
144 318
145 318
146 319
147 319
148 320
149 320
150 320
151 320
152 320
153 320
154 320
155 320
156 320
157 320
158 321
159 321
160 322
165 322
166 322
167 322
168 321
169 320
170 320
171 321
172 321
173 320
174 320
175 320
176 319
177 319
178 319
179 319
180 318
181 317
182 317
183 317
184 318
185 318
186 318
187 318
188 318
189 318
190 318
191 317
192 317
193 317
194 316
195 316
196 317
197 317
198 317
199 318
200 318
201 318
202 318
203 318
204 318
205 318
206 318
207 318
208 318
209 317
210 316
211 314
212 314
213 313
214 310
215 308
216 308
217 288
218 287
219 277
220 277
221 277
223 275
224 271
225 269
226 269
228 267
229 267
230 267
231 267
232 266
233 265
234 265
235 265
236 265
237 265
238 265
239 265
240 265
241 265
242 265
243 265
244 265
245 265
246 264
247 265
248 265
249 265
250 265
251 265
252 265
253 264
254 264
255 264
256 265
257 264
258 264
259 264
260 264
261 265
262 265
263 265
264 265
265 265
266 265
267 265
268 265
269 266
270 266
271 265
272 265
273 264
274 263
275 263
276 263
277 263
278 263
279 262
280 261
281 260
282 261
283 262
284 262
285 262
286 262
287 263
288 263
289 263
290 263
291 262
292 261
293 260
294 260
295 262
296 262
297 262
298 262
299 260
300 257
301 256
302 247
303 244
304 240
305 240
306 240
307 240
308 240
309 239
310 237
311 237
312 236
313 235
314 235
315 234
316 235
317 235
318 235
319 238
320 240
321 240
322 240
323 241
324 242
325 241
326 241
327 240
328 240
329 240
330 240
331 246
332 248
333 248
334 248
335 248
336 248
337 248
338 248
339 247
340 247
341 247
342 247
343 253
344 254
345 254
346 254
347 254
348 254
349 253
350 252
351 252
352 252
353 250
354 248
355 247
356 247
357 246
358 245
359 245
360 246
361 246
362 246
363 246
364 245
365 244
366 240
367 240
368 240
369 239
370 237
371 237
372 235
373 231
374 232
375 232
376 232
377 232
378 232
379 231
380 231
381 231
382 230
383 228
384 228
385 228
386 229
387 230
388 230
389 230
390 230
391 229
392 227
393 227
394 227
395 224
396 222
397 221
398 219
399 218
400 215
401 214
402 212
403 212
404 203
405 202
406 200
407 198
408 197
409 195
410 195
411 194
412 192
413 190
414 187
415 184
416 184
417 183
418 182
419 182
420 182
421 182
422 182
423 182
424 181
425 181
426 181
427 180
428 180
429 179
430 178
431 178
432 178
433 178
434 177
435 177
436 177
437 177
438 176
439 175
440 175
441 175
442 175
443 175
444 175
445 175
446 175
447 175
448 175
449 177
450 178
451 179
452 180
453 180
454 180
455 179
456 179
457 178
458 179
459 182
460 184
461 184
462 184
463 184
464 184
465 184
466 184
467 183
468 183
469 183
470 183
471 183
472 184
473 184
474 184
475 184
476 186
477 188
478 189
479 190
480 190
481 190
482 189
483 187
484 185
485 184
486 184
487 184
488 183
489 183
490 183
491 183
492 181
493 181
494 182
495 182
496 182
497 183
498 183
499 183
500 183
501 182
502 182
503 177
504 177
505 177
506 177
507 177
508 177
509 178
510 178
511 178
512 177
513 177
514 175
515 173
516 173
517 174
518 176
519 176
520 177
521 177
522 178
523 181
524 181
525 183
526 184
527 185
528 186
529 186
530 186
531 186
532 186
533 187
534 194
535 195
536 195
537 197
538 198
539 203
540 204
541 205
542 205
543 207
544 207
545 207
546 208
547 210
548 211
549 211
550 212
551 213
552 214
553 214
554 214
555 213
556 213
557 214
558 215
559 215
560 213
561 213
562 209
563 209
564 210
565 209
566 209
567 209
568 209
569 209
570 209
571 208
572 207
573 207
574 206
575 206
576 205
577 205
578 205
579 205
580 205
581 205
582 205
583 205
584 205
585 205
586 205
587 204
588 204
589 205
590 205
591 205
592 205
593 203
594 203
595 202
596 202
597 173
598 169
599 166
600 165
601 165
602 164
603 164
604 164
605 161
608 156
609 156
610 153
611 154
612 153
613 153
614 152
615 152
616 150
619 135
620 133
622 120
623 119
624 117
625 110
626 107
627 103
628 103
629 102
630 101
631 99
632 99
633 99
634 99
635 99
636 96
637 86
637 89
637 93
637 93
637 89
637 80
636 80
635 80
634 80
633 80
632 80
631 80
630 81
629 80
628 80
627 80
626 79
625 79
624 79
623 79
621 78
620 78
619 78
616 74
615 74
614 74
613 73
612 73
611 73
610 73
609 74
608 74
605 73
604 73
603 73
602 72
601 70
600 70
599 70
598 68
597 68
596 68
595 68
594 68
593 68
592 66
591 66
590 65
589 65
588 65
587 65
586 65
585 65
584 64
583 63
582 63
581 62
580 62
579 53
578 52
577 52
576 51
575 49
574 48
573 47
572 45
571 43
570 42
569 41
568 41
567 41
566 41
565 41
564 41
563 40
562 38
561 37
560 37
559 37
558 37
557 37
556 35
555 34
554 34
553 34
552 34
551 35
550 37
549 37
548 37
547 36
546 34
545 33
544 32
543 31
542 30
541 30
540 30
539 30
538 30
537 29
536 28
535 28
534 27
533 26
532 26
531 26
530 27
529 27
528 27
527 27
526 27
525 27
524 27
523 27
522 28
521 28
520 29
519 29
518 29
517 29
516 30
515 30
514 31
513 31
512 31
511 31
510 30
509 29
508 28
507 28
506 28
505 28
504 28
503 27
502 26
501 25
500 25
499 25
498 25
497 25
496 24
495 24
494 24
493 24
492 24
491 25
490 26
489 27
488 28
487 30
486 31
485 33
484 33
483 33
482 31
481 31
480 30
479 28
478 28
477 28
476 28
475 28
474 29
473 29
472 30
471 30
470 40
469 40
468 40
467 40
466 41
465 41
464 42
463 42
462 46
461 48
460 48
459 49
458 50
457 51
456 51
455 52
454 47
453 46
452 46
451 45
450 45
449 45
448 45
447 45
446 45
445 45
444 45
443 45
442 42
441 42
440 41
439 40
438 40
437 40
436 35
435 34
434 33
433 32
432 31
431 31
430 31
429 30
428 31
427 31
426 32
425 34
424 34
423 33
422 33
421 33
420 33
419 34
418 34
417 37
416 37
415 37
414 37
413 37
412 37
411 34
410 34
409 34
408 34
407 33
406 33
405 33
404 33
403 32
402 32
401 31
400 33
399 33
398 33
397 36
396 36
395 37
394 35
393 35
392 35
391 37
390 36
389 35
388 36
387 37
386 44
385 44
384 44
383 44
382 44
381 44
380 44
379 44
378 44
377 44
376 45
375 45
374 45
373 47
372 47
371 49
370 49
369 52
368 53
367 53
366 55
365 62
364 62
363 73
362 73
361 72
360 70
359 70
358 70
357 69
356 68
355 68
354 66
353 65
352 64
351 64
350 64
349 63
348 63
347 63
346 64
345 65
344 65
343 66
342 66
341 67
340 70
339 70
338 70
337 70
336 69
335 69
334 69
333 69
332 69
331 70
330 69
329 33
328 33
327 33
326 34
325 34
324 37
323 39
322 39
321 37
320 37
319 37
318 37
317 37
316 36
315 28
314 28
313 28
312 28
311 27
310 26
309 25
308 24
307 24
306 19
305 16
304 8
303 6
302 5
301 5
300 5
299 2
298 0
297 0
296 0
295 2
294 3
293 3
292 4
291 4
290 6
289 6
288 6
287 7
286 8
285 9
284 12
283 13
282 13
281 13
280 12
279 12
278 12
277 13
276 13
275 14
274 14
273 15
272 16
271 16
270 17
269 28
268 28
267 29
266 30
265 31
264 34
263 34
262 35
261 35
260 36
259 36
258 36
257 35
256 34
255 34
254 34
253 34
252 34
251 34
250 34
249 36
248 37
247 37
246 37
245 37
244 31
243 20
242 20
241 18
240 17
239 17
238 17
237 17
236 17
235 17
234 17
233 17
232 17
231 17
230 17
229 17
228 17
226 17
225 17
224 17
222 19
221 19
220 20
219 20
218 21
217 22
216 22
215 20
214 20
213 20
212 20
211 20
210 20
209 20
208 20
207 20
206 20
205 20
204 19
203 19
202 19
201 18
200 18
199 18
198 19
197 19
196 20
195 20
194 22
193 25
192 25
191 27
190 28
189 29
188 31
187 33
186 34
185 34
184 37
183 37
182 37
181 37
180 37
179 37
178 38
177 42
176 49
175 49
174 50
173 51
172 51
171 51
170 52
169 52
168 53
167 53
166 53
165 53
160 53
159 54
158 54
157 55
156 55
155 57
154 57
153 59
152 60
151 62
150 63
149 73
148 74
147 86
146 90
145 93
144 94
143 94
142 97
141 97
140 98
139 99
138 99
137 99
136 99
135 99
134 99
133 99
132 99
131 99
130 99
129 99
128 99
127 99
126 100
125 101
124 102
123 103
122 110
121 115
120 115
119 115
118 115
117 114
116 114
115 114
114 114
113 114
112 114
111 115
110 115
109 117
108 118
107 119
106 119
105 121
104 123
103 124
102 124
101 125
100 125
99 126
98 126
97 126
96 127
95 127
94 127
93 127
92 128
91 129
90 130
89 130
88 132
87 132
86 132
85 132
84 132
83 132
82 132
81 132
80 130
79 129
78 128
77 128
76 128
75 127
74 127
73 128
72 128
71 129
70 130
69 130
68 131
67 132
66 132
65 132
64 132
63 130
62 129
61 129
60 128
59 128
58 127
57 126
56 125
55 125
54 124
53 124
52 124
51 124
50 123
49 122
48 122
47 122
46 122
45 122
44 124
43 124
42 124
41 125
40 127
39 127
38 127
37 128
36 128
35 128
34 130
33 134
32 135
31 137
30 138
29 139
27 140
25 144
24 144
23 146
22 149
21 150
20 153
19 153
18 154
17 156
16 162
15 164
14 164
13 165
10 168
9 185
8 186
6 190
5 190
4 191
3 199
2 203
1 204
0 205